,ApplicationFrameHost.exe,Code.exe,CodeSetup-stable-97dec172d3256f8ca4bfb2143f3f76b503ca0534.tmp,DB Browser for SQLite.exe,GitHub.UI.exe,GitHubDesktop.exe,GoogleDriveFS.exe,IDMan.exe,Installer.exe,OpenWith.exe,S0,SearchApp.exe,ShellExperienceHost.exe,SnippingTool.exe,StartMenuExperienceHost.exe,TeamViewer.exe,Unable To Open Process,Update.exe,VsDebugConsole.exe,Zoom.exe,chrome.exe,devenv.exe,explorer.exe,mintty.exe,msedge.exe,rstudio.exe
ApplicationFrameHost.exe,0.0,0.06451612903225806,0.0,0.0,0.0,0.0,0.0,0.0,0.0,0.0,0,0.12903225806451613,0.03225806451612903,0.0,0.0,0.0,0.25806451612903225,0.0,0.0,0.0,0.2903225806451613,0.03225806451612903,0.16129032258064516,0.0,0.03225806451612903,0.0
Code.exe,0.0033783783783783786,0.0,0.006756756756756757,0.0,0.0033783783783783786,0.033783783783783786,0.0,0.0,0.0,0.0,0,0.006756756756756757,0.02027027027027027,0.08445945945945946,0.0,0.0,0.0,0.0,0.033783783783783786,0.0033783783783783786,0.7331081081081081,0.010135135135135136,0.05067567567567568,0.0,0.0,0.006756756756756757
CodeSetup-stable-97dec172d3256f8ca4bfb2143f3f76b503ca0534.tmp,0.0,1.0,0.0,0.0,0.0,0.0,0.0,0.0,0.0,0.0,0,0.0,0.0,0.0,0.0,0.0,0.0,0.0,0.0,0.0,0.0,0.0,0.0,0.0,0.0,0.0
DB Browser for SQLite.exe,0.0,0.0,0.0,0.13043478260869565,0.0,0.0,0.0,0.0,0.0,0.0,0,0.0,0.010869565217391304,0.11956521739130435,0.0,0.0,0.0,0.0,0.010869565217391304,0.043478260869565216,0.34782608695652173,0.021739130434782608,0.31521739130434784,0.0,0.0,0.0
GitHub.UI.exe,0.0,0.3333333333333333,0.0,0.0,0.0,0.0,0.0,0.0,0.0,0.0,0,0.0,0.0,0.0,0.0,0.0,0.0,0.0,0.0,0.0,0.3333333333333333,0.0,0.3333333333333333,0.0,0.0,0.0
GitHubDesktop.exe,0.0,0.6,0.0,0.0,0.0,0.0,0.06666666666666667,0.0,0.0,0.0,0,0.0,0.0,0.0,0.0,0.0,0.0,0.0,0.0,0.0,0.26666666666666666,0.0,0.06666666666666667,0.0,0.0,0.0
GoogleDriveFS.exe,0.0,0.0,0.0,0.0,0.0,0.0,0.0,0.0,0.0,0.0,0,0.0,0.0,0.0,0.0,0.0,0.0,0.0,0.0,0.0,1.0,0.0,0.0,0.0,0.0,0.0
IDMan.exe,0.0,0.0,0.0,0.0,0.0,0.0,0.0,0.0,0.0,0.0,0,0.0,0.0,0.0,0.0,0.0,0.0,0.0,0.0,0.0,1.0,0.0,0.0,0.0,0.0,0.0
Installer.exe,0.0,0.0,0.0,0.0,0.0,0.0,0.0,0.0,0.0,0.0,0,0.0,0.0,0.0,0.0,0.0,0.0,0.0,0.3333333333333333,0.0,0.6666666666666666,0.0,0.0,0.0,0.0,0.0
OpenWith.exe,1.0,0.0,0.0,0.0,0.0,0.0,0.0,0.0,0.0,0.0,0,0.0,0.0,0.0,0.0,0.0,0.0,0.0,0.0,0.0,0.0,0.0,0.0,0.0,0.0,0.0
S0,0.0,0.0,0.0,0.0,0.0,0.0,0.0,0.0,0.0,0.0,0,0.0,0.0,0.0,0.0,0.0,0.0,0.0,1.0,0.0,0.0,0.0,0.0,0.0,0.0,0.0
SearchApp.exe,0.2857142857142857,0.10714285714285714,0.0,0.0,0.0,0.0,0.0,0.0,0.0,0.0,0,0.0,0.0,0.0,0.03571428571428571,0.0,0.0,0.0,0.0,0.0,0.10714285714285714,0.03571428571428571,0.39285714285714285,0.03571428571428571,0.0,0.0
ShellExperienceHost.exe,0.010869565217391304,0.07608695652173914,0.0,0.010869565217391304,0.0,0.0,0.0,0.0,0.0,0.0,0,0.0,0.0,0.0,0.0,0.0,0.0,0.0,0.03260869565217391,0.06521739130434782,0.782608695652174,0.0,0.021739130434782608,0.0,0.0,0.0
SnippingTool.exe,0.00847457627118644,0.11864406779661017,0.0,0.059322033898305086,0.0,0.0,0.0,0.0,0.0,0.0,0,0.0,0.0,0.0,0.0,0.0,0.00847457627118644,0.0,0.0,0.0,0.6949152542372882,0.00847457627118644,0.1016949152542373,0.0,0.0,0.0
StartMenuExperienceHost.exe,0.0,0.0,0.0,0.0,0.0,0.0,0.0,0.0,0.0,0.0,0,1.0,0.0,0.0,0.0,0.0,0.0,0.0,0.0,0.0,0.0,0.0,0.0,0.0,0.0,0.0
TeamViewer.exe,0.0,0.0,0.0,0.0,0.0,0.0,0.0,0.0,0.0,0.0,0,0.0,0.0,0.0,0.0,0.0,0.0,0.0,0.0,0.0,0.0,0.0,0.0,0.0,0.0,0.0
Unable To Open Process,0.3888888888888889,0.0,0.0,0.0,0.0,0.0,0.0,0.0,0.0,0.0,0,0.05555555555555555,0.0,0.05555555555555555,0.0,0.0,0.0,0.0,0.16666666666666666,0.0,0.05555555555555555,0.16666666666666666,0.05555555555555555,0.0,0.05555555555555555,0.0
Update.exe,0.0,0.0,0.0,0.0,0.0,1.0,0.0,0.0,0.0,0.0,0,0.0,0.0,0.0,0.0,0.0,0.0,0.0,0.0,0.0,0.0,0.0,0.0,0.0,0.0,0.0
VsDebugConsole.exe,0.014388489208633094,0.050359712230215826,0.0,0.0,0.0,0.007194244604316547,0.0,0.0,0.0,0.0,0,0.0,0.007194244604316547,0.0,0.0,0.0,0.02158273381294964,0.0,0.15827338129496402,0.0,0.5539568345323741,0.03597122302158273,0.07913669064748201,0.014388489208633094,0.04316546762589928,0.014388489208633094
Zoom.exe,0.008695652173913044,0.017391304347826087,0.0,0.02608695652173913,0.0,0.0,0.0,0.0,0.0,0.0,0,0.0,0.06956521739130435,0.0,0.0,0.0,0.0,0.0,0.0,0.034782608695652174,0.782608695652174,0.017391304347826087,0.043478260869565216,0.0,0.0,0.0
chrome.exe,0.002398081534772182,0.29136690647482016,0.0,0.02158273381294964,0.0,0.002398081534772182,0.0,0.01079136690647482,0.002398081534772182,0.001199040767386091,0,0.017985611510791366,0.0671462829736211,0.09352517985611511,0.0,0.001199040767386091,0.001199040767386091,0.001199040767386091,0.08273381294964029,0.10311750599520383,0.008393285371702638,0.02997601918465228,0.22182254196642687,0.0035971223021582736,0.014388489208633094,0.02158273381294964
devenv.exe,0.0,0.029411764705882353,0.0,0.029411764705882353,0.0,0.0,0.0,0.0,0.0,0.0,0,0.0,0.0,0.00980392156862745,0.0,0.0,0.029411764705882353,0.0,0.029411764705882353,0.0196078431372549,0.21568627450980393,0.5392156862745098,0.09803921568627451,0.0,0.0,0.0
explorer.exe,0.02912621359223301,0.032362459546925564,0.0,0.15210355987055016,0.0,0.009708737864077669,0.0,0.0,0.0,0.0,0,0.016181229773462782,0.08090614886731391,0.003236245954692557,0.0,0.0,0.003236245954692557,0.0,0.022653721682847898,0.009708737864077669,0.5598705501618123,0.038834951456310676,0.0,0.003236245954692557,0.025889967637540454,0.012944983818770227
mintty.exe,0.0,0.0,0.0,0.0,0.0,0.0,0.0,0.0,0.0,0.0,0,0.0,0.0,0.0,0.0,0.0,0.0,0.0,0.2222222222222222,0.0,0.2222222222222222,0.0,0.0,0.0,0.0,0.5555555555555556
msedge.exe,0.07692307692307693,0.0,0.0,0.0,0.0,0.0,0.0,0.0,0.0,0.0,0,0.0,0.0,0.07692307692307693,0.0,0.0,0.038461538461538464,0.0,0.07692307692307693,0.0,0.46153846153846156,0.0,0.2692307692307692,0.0,0.0,0.0
rstudio.exe,0.0,0.08823529411764706,0.0,0.0,0.0,0.0,0.0,0.0,0.0,0.0,0,0.029411764705882353,0.0,0.0,0.0,0.0,0.0,0.0,0.058823529411764705,0.0,0.5588235294117647,0.0,0.17647058823529413,0.08823529411764706,0.0,0.0
