,Acrobat.exe,ApplicationFrameHost.exe,CredentialUIBroker.exe,DB Browser for SQLite.exe,Docker Desktop.exe,EXCEL.EXE,Installer.exe,LockApp.exe,Messenger.exe,MoNotificationUx.exe,Notepad.exe,OneDrive.exe,PickerHost.exe,SearchHost.exe,ShellExperienceHost.exe,Spotify.exe,Teams.exe,Unable To Open Process,VsDebugConsole.exe,Widgets.exe,Zoom.exe,chrome.exe,cmd.exe,conhost.exe,devenv.exe,explorer.exe,msedge.exe,msiexec.exe,msteams.exe,python-3.11.1-amd64.exe,rundll32.exe
Acrobat.exe,0.0,0.0,0.0,0.0,0.0,0.0,0.0,0.0,0.0,0.0,0.0,0,0.0,0.0,0.0,0.0,0.0,0.0,0.0,0.0,0.0,0.0,0.0,0.0,0.0,1.0,0.0,0.0,0.0,0.0,0.0
ApplicationFrameHost.exe,0.0,0.0,0.0,0.0,0.0,0.0,0.0,0.0,0.06896551724137931,0.0,0.0,0,0.034482758620689655,0.0,0.0,0.0,0.034482758620689655,0.0,0.034482758620689655,0.0,0.034482758620689655,0.4827586206896552,0.034482758620689655,0.0,0.034482758620689655,0.10344827586206896,0.06896551724137931,0.034482758620689655,0.0,0.0,0.0
CredentialUIBroker.exe,0.0,0.0,0.0,0.0,0.0,0.0,0.0,0.0,0.0,0.0,0.0,0,0.0,0.0,0.0,0.0,0.0,0.0,0.0,0.0,0.0,1.0,0.0,0.0,0.0,0.0,0.0,0.0,0.0,0.0,0.0
DB Browser for SQLite.exe,0.0,0.0,0.0,0.01639344262295082,0.0,0.0,0.0,0.0,0.0,0.0,0.0,0,0.0,0.01639344262295082,0.0,0.0,0.0,0.0,0.01639344262295082,0.0,0.01639344262295082,0.21311475409836064,0.01639344262295082,0.0,0.0,0.7049180327868853,0.0,0.0,0.0,0.0,0.0
Docker Desktop.exe,0.0,0.0,0.0,0.0,0.0,0.0,0.0,0.0,0.0,0.0,0.0,0,0.0,0.0,0.0,0.0,0.5,0.0,0.0,0.0,0.0,0.5,0.0,0.0,0.0,0.0,0.0,0.0,0.0,0.0,0.0
EXCEL.EXE,0.0,0.0,0.0,0.0,0.0,0.0,0.0,0.0,0.0,0.0,0.0,0,0.0,0.0,0.0,0.0,0.0,0.0,0.0,0.0,0.0,0.0,0.0,0.0,0.0,1.0,0.0,0.0,0.0,0.0,0.0
Installer.exe,0.0,0.0,0.0,0.0,0.0,0.0,0.0,0.0,1.0,0.0,0.0,0,0.0,0.0,0.0,0.0,0.0,0.0,0.0,0.0,0.0,0.0,0.0,0.0,0.0,0.0,0.0,0.0,0.0,0.0,0.0
LockApp.exe,0.0,0.0,0.0,0.0,0.0,0.0,0.0,0.0,0.0,0.0,0.0,0,0.0,0.0,0.0,0.0,0.0,0.0,0.0,0.0,0.0,0.3333333333333333,0.0,0.0,0.0,0.6666666666666666,0.0,0.0,0.0,0.0,0.0
Messenger.exe,0.0,0.020618556701030927,0.0,0.020618556701030927,0.0,0.0,0.0,0.0,0.0,0.0,0.0,0,0.0,0.0,0.010309278350515464,0.010309278350515464,0.08247422680412371,0.010309278350515464,0.010309278350515464,0.0,0.041237113402061855,0.5670103092783505,0.0,0.0,0.010309278350515464,0.18556701030927836,0.030927835051546393,0.0,0.0,0.0,0.0
MoNotificationUx.exe,0.0,0.0,0.0,0.0,0.0,0.0,0.0,0.0,0.0,0.0,0.0,0,0.0,0.0,0.0,0.0,0.0,0.0,0.3333333333333333,0.0,0.0,0.3333333333333333,0.0,0.0,0.0,0.0,0.3333333333333333,0.0,0.0,0.0,0.0
Notepad.exe,0.0,0.0,0.0,0.0,0.0,0.0,0.0,0.0,0.0,0.0,0.0,0,0.0,0.0,0.0,0.0,0.0,0.0,0.0,0.0,0.0,0.0,0.0,0.0,0.0,1.0,0.0,0.0,0.0,0.0,0.0
OneDrive.exe,0.0,0.0,0.0,1.0,0.0,0.0,0.0,0.0,0.0,0.0,0.0,0,0.0,0.0,0.0,0.0,0.0,0.0,0.0,0.0,0.0,0.0,0.0,0.0,0.0,0.0,0.0,0.0,0.0,0.0,0.0
PickerHost.exe,0.0,1.0,0.0,0.0,0.0,0.0,0.0,0.0,0.0,0.0,0.0,0,0.0,0.0,0.0,0.0,0.0,0.0,0.0,0.0,0.0,0.0,0.0,0.0,0.0,0.0,0.0,0.0,0.0,0.0,0.0
SearchHost.exe,0.0,0.14814814814814814,0.0,0.0,0.0,0.0,0.0,0.0,0.0,0.0,0.0,0,0.0,0.0,0.0,0.0,0.0,0.14814814814814814,0.037037037037037035,0.0,0.0,0.1111111111111111,0.18518518518518517,0.0,0.0,0.2222222222222222,0.07407407407407407,0.0,0.07407407407407407,0.0,0.0
ShellExperienceHost.exe,0.0,0.0,0.0,0.0,0.0,0.0,0.0,0.0,0.25,0.0,0.0,0,0.0,0.0,0.0,0.0,0.0,0.125,0.0,0.0,0.0,0.375,0.0,0.0,0.0,0.25,0.0,0.0,0.0,0.0,0.0
Spotify.exe,0.0,0.0,0.0,0.0,0.0,0.0,0.0,0.0,0.125,0.0,0.0,0,0.0,0.0,0.0,0.0,0.0,0.0,0.0,0.0,0.0,0.25,0.0,0.0,0.0,0.625,0.0,0.0,0.0,0.0,0.0
Teams.exe,0.0,0.017543859649122806,0.0,0.017543859649122806,0.017543859649122806,0.0,0.0,0.0,0.19298245614035087,0.0,0.0,0,0.0,0.0,0.017543859649122806,0.0,0.0,0.0,0.07017543859649122,0.0,0.017543859649122806,0.21052631578947367,0.017543859649122806,0.0,0.14035087719298245,0.24561403508771928,0.017543859649122806,0.0,0.0,0.0,0.017543859649122806
Unable To Open Process,0.0,0.0,0.0,0.0,0.0,0.0,0.0,0.0,0.0,0.0,0.0,0,0.0,0.03125,0.0,0.0,0.0,0.21875,0.03125,0.0,0.0,0.625,0.0625,0.0,0.0,0.03125,0.0,0.0,0.0,0.0,0.0
VsDebugConsole.exe,0.0,0.0,0.0,0.010416666666666666,0.0,0.0,0.0,0.0,0.020833333333333332,0.0,0.0,0,0.0,0.03125,0.0,0.0,0.041666666666666664,0.010416666666666666,0.20833333333333334,0.0,0.010416666666666666,0.15625,0.0,0.010416666666666666,0.28125,0.17708333333333334,0.020833333333333332,0.0,0.020833333333333332,0.0,0.0
Widgets.exe,0.0,0.0,0.0,0.0,0.0,0.0,0.0,0.0,0.0,0.0,0.0,0,0.0,0.0,0.0,0.0,0.0,0.0,0.0,0.0,0.0,1.0,0.0,0.0,0.0,0.0,0.0,0.0,0.0,0.0,0.0
Zoom.exe,0.0,0.009345794392523364,0.0,0.009345794392523364,0.0,0.0,0.0,0.0,0.028037383177570093,0.0,0.0,0,0.0,0.0,0.0,0.0,0.009345794392523364,0.0,0.009345794392523364,0.0,0.27102803738317754,0.5981308411214953,0.0,0.0,0.0,0.06542056074766354,0.0,0.0,0.0,0.0,0.0
chrome.exe,0.0,0.036585365853658534,0.006097560975609756,0.018292682926829267,0.003048780487804878,0.0,0.0,0.006097560975609756,0.14939024390243902,0.003048780487804878,0.0,0,0.0,0.042682926829268296,0.01524390243902439,0.009146341463414634,0.036585365853658534,0.07317073170731707,0.051829268292682924,0.003048780487804878,0.20426829268292682,0.012195121951219513,0.06097560975609756,0.0,0.039634146341463415,0.19207317073170732,0.021341463414634148,0.003048780487804878,0.003048780487804878,0.003048780487804878,0.0
cmd.exe,0.0,0.0,0.0,0.02631578947368421,0.0,0.0,0.0,0.0,0.0,0.0,0.0,0,0.0,0.0,0.0,0.0,0.0,0.02631578947368421,0.0,0.0,0.02631578947368421,0.631578947368421,0.05263157894736842,0.0,0.02631578947368421,0.21052631578947367,0.0,0.0,0.0,0.0,0.0
conhost.exe,0.0,0.0,0.0,0.0,0.0,0.0,0.0,0.0,0.0,0.0,0.0,0,0.0,0.0,0.0,0.0,0.0,0.0,1.0,0.0,0.0,0.0,0.0,0.0,0.0,0.0,0.0,0.0,0.0,0.0,0.0
devenv.exe,0.0,0.0,0.0,0.038461538461538464,0.019230769230769232,0.0,0.0,0.0,0.019230769230769232,0.0,0.0,0,0.0,0.019230769230769232,0.0,0.0,0.19230769230769232,0.0,0.15384615384615385,0.0,0.0,0.23076923076923078,0.019230769230769232,0.0,0.0,0.3076923076923077,0.0,0.0,0.0,0.0,0.0
explorer.exe,0.0091324200913242,0.0091324200913242,0.0,0.2009132420091324,0.0,0.0136986301369863,0.0045662100456621,0.0091324200913242,0.0821917808219178,0.0,0.0091324200913242,0,0.0,0.0273972602739726,0.0091324200913242,0.0182648401826484,0.045662100456621,0.0,0.1278538812785388,0.0,0.091324200913242,0.2831050228310502,0.0273972602739726,0.0,0.0136986301369863,0.0,0.0136986301369863,0.0,0.0045662100456621,0.0,0.0
msedge.exe,0.0,0.05555555555555555,0.0,0.0,0.0,0.0,0.0,0.0,0.16666666666666666,0.1111111111111111,0.0,0,0.0,0.0,0.0,0.05555555555555555,0.0,0.0,0.05555555555555555,0.0,0.0,0.3333333333333333,0.0,0.0,0.0,0.2222222222222222,0.0,0.0,0.0,0.0,0.0
msiexec.exe,0.0,0.0,0.0,0.0,0.0,0.0,0.0,0.0,0.0,0.0,0.0,0,0.0,0.0,0.0,0.0,0.0,0.0,0.0,0.0,0.0,1.0,0.0,0.0,0.0,0.0,0.0,0.0,0.0,0.0,0.0
msteams.exe,0.0,0.0,0.0,0.0,0.0,0.0,0.0,0.0,0.0,0.0,0.0,0,0.0,0.2,0.0,0.0,0.0,0.0,0.6,0.0,0.0,0.2,0.0,0.0,0.0,0.0,0.0,0.0,0.0,0.0,0.0
python-3.11.1-amd64.exe,0.0,0.0,0.0,0.0,0.0,0.0,0.0,0.0,0.0,0.0,0.0,0,0.0,0.0,0.0,0.0,0.0,1.0,0.0,0.0,0.0,0.0,0.0,0.0,0.0,0.0,0.0,0.0,0.0,0.0,0.0
rundll32.exe,0.0,0.0,0.0,0.0,0.0,0.0,0.0,0.0,0.0,0.0,0.0,0,0.0,0.0,0.0,0.0,1.0,0.0,0.0,0.0,0.0,0.0,0.0,0.0,0.0,0.0,0.0,0.0,0.0,0.0,0.0
