,ApplicationFrameHost.exe,Code.exe,CodeSetup-stable-97dec172d3256f8ca4bfb2143f3f76b503ca0534.tmp,DB Browser for SQLite.exe,GitHub.UI.exe,GitHubDesktop.exe,GoogleDriveFS.exe,IDMan.exe,S0,SearchApp.exe,ShellExperienceHost.exe,SnippingTool.exe,StartMenuExperienceHost.exe,TeamViewer.exe,Unable To Open Process,Update.exe,VsDebugConsole.exe,Zoom.exe,chrome.exe,devenv.exe,explorer.exe,mintty.exe,msedge.exe,mshta.exe,rstudio.exe,rundll32.exe,s0
ApplicationFrameHost.exe,0.0,0.0967741935483871,0.0,0.0,0.0,0.0,0.0,0.0,0,0.0967741935483871,0.03225806451612903,0.0,0.0,0.0,0.2903225806451613,0.0,0.0,0.0,0.22580645161290322,0.03225806451612903,0.1935483870967742,0.0,0.03225806451612903,0.0,0.0,0.0,0.0
Code.exe,0.0033783783783783786,0.0,0.006756756756756757,0.0,0.010135135135135136,0.02027027027027027,0.0,0.0,0,0.006756756756756757,0.016891891891891893,0.08445945945945946,0.0,0.0,0.0,0.0,0.030405405405405407,0.0033783783783783786,0.7668918918918919,0.0033783783783783786,0.033783783783783786,0.0,0.0,0.0,0.010135135135135136,0.0033783783783783786,0.0
CodeSetup-stable-97dec172d3256f8ca4bfb2143f3f76b503ca0534.tmp,0.0,1.0,0.0,0.0,0.0,0.0,0.0,0.0,0,0.0,0.0,0.0,0.0,0.0,0.0,0.0,0.0,0.0,0.0,0.0,0.0,0.0,0.0,0.0,0.0,0.0,0.0
DB Browser for SQLite.exe,0.0,0.0,0.0,0.125,0.0,0.0,0.0,0.0,0,0.0,0.011363636363636364,0.13636363636363635,0.0,0.0,0.0,0.0,0.011363636363636364,0.045454545454545456,0.3522727272727273,0.022727272727272728,0.29545454545454547,0.0,0.0,0.0,0.0,0.0,0.0
GitHub.UI.exe,0.0,0.0,0.0,0.0,0.0,0.0,0.0,0.0,0,0.0,0.0,0.0,0.0,0.0,0.0,0.0,0.0,0.0,0.0,0.0,1.0,0.0,0.0,0.0,0.0,0.0,0.0
GitHubDesktop.exe,0.0,0.6153846153846154,0.0,0.0,0.0,0.0,0.0,0.0,0,0.0,0.0,0.0,0.0,0.0,0.0,0.0,0.0,0.0,0.23076923076923078,0.0,0.15384615384615385,0.0,0.0,0.0,0.0,0.0,0.0
GoogleDriveFS.exe,0.0,0.0,0.0,0.0,0.0,0.0,0.0,0.0,0,0.0,0.0,0.0,0.0,0.0,0.0,0.0,0.0,0.0,1.0,0.0,0.0,0.0,0.0,0.0,0.0,0.0,0.0
IDMan.exe,0.0,0.0,0.0,0.0,0.0,0.0,0.0,0.0,0,0.0,0.0,0.0,0.0,0.0,0.0,0.0,0.1,0.0,0.9,0.0,0.0,0.0,0.0,0.0,0.0,0.0,0.0
S0,0.0,0.0,0.0,0.0,0.0,0.0,0.0,0.0,0,0.0,0.0,0.0,0.0,0.0,0.0,0.0,0.0,0.0,0.0,0.0,0.0,0.0,0.0,0.0,0.0,0.0,1.0
SearchApp.exe,0.2,0.1,0.0,0.0,0.0,0.0,0.0,0.0,0,0.0,0.0,0.0,0.03333333333333333,0.0,0.0,0.0,0.0,0.0,0.13333333333333333,0.06666666666666667,0.4,0.06666666666666667,0.0,0.0,0.0,0.0,0.0
ShellExperienceHost.exe,0.010526315789473684,0.07368421052631578,0.0,0.010526315789473684,0.0,0.0,0.0,0.0,0,0.010526315789473684,0.0,0.0,0.0,0.0,0.0,0.0,0.031578947368421054,0.07368421052631578,0.7578947368421053,0.0,0.031578947368421054,0.0,0.0,0.0,0.0,0.0,0.0
SnippingTool.exe,0.008264462809917356,0.1322314049586777,0.0,0.04132231404958678,0.0,0.0,0.0,0.0,0,0.0,0.0,0.0,0.0,0.0,0.008264462809917356,0.0,0.0,0.0,0.6942148760330579,0.01652892561983471,0.09917355371900827,0.0,0.0,0.0,0.0,0.0,0.0
StartMenuExperienceHost.exe,0.0,0.0,0.0,0.0,0.0,0.0,0.0,0.0,0,1.0,0.0,0.0,0.0,0.0,0.0,0.0,0.0,0.0,0.0,0.0,0.0,0.0,0.0,0.0,0.0,0.0,0.0
TeamViewer.exe,0.0,0.0,0.0,0.0,0.0,0.0,0.0,0.0,0,0.0,0.0,0.0,0.0,0.0,0.0,0.0,0.0,0.0,0.5,0.0,0.0,0.0,0.0,0.5,0.0,0.0,0.0
Unable To Open Process,0.5,0.0,0.0,0.0,0.0,0.0,0.0,0.0,0,0.0,0.0,0.0,0.0,0.0,0.0,0.0,0.1875,0.0,0.0625,0.125,0.0625,0.0,0.0625,0.0,0.0,0.0,0.0
Update.exe,0.0,0.0,0.0,0.0,0.0,1.0,0.0,0.0,0,0.0,0.0,0.0,0.0,0.0,0.0,0.0,0.0,0.0,0.0,0.0,0.0,0.0,0.0,0.0,0.0,0.0,0.0
VsDebugConsole.exe,0.007633587786259542,0.05343511450381679,0.0,0.0,0.0,0.007633587786259542,0.0,0.0,0,0.0,0.007633587786259542,0.0,0.0,0.0,0.015267175572519083,0.0,0.06870229007633588,0.0,0.5114503816793893,0.022900763358778626,0.05343511450381679,0.015267175572519083,0.022900763358778626,0.0,0.015267175572519083,0.0,0.1984732824427481
Zoom.exe,0.008771929824561403,0.017543859649122806,0.0,0.02631578947368421,0.0,0.0,0.0,0.0,0,0.0,0.07017543859649122,0.0,0.0,0.0,0.0,0.0,0.0,0.05263157894736842,0.7456140350877193,0.02631578947368421,0.05263157894736842,0.0,0.0,0.0,0.0,0.0,0.0
chrome.exe,0.0023894862604540022,0.2807646356033453,0.0,0.02031063321385902,0.0,0.0035842293906810036,0.0011947431302270011,0.007168458781362007,0,0.017921146953405017,0.056152927120669056,0.0979689366786141,0.0,0.0,0.0011947431302270011,0.0011947431302270011,0.08602150537634409,0.1087216248506571,0.008363201911589008,0.027479091995221028,0.23178016726403824,0.0035842293906810036,0.014336917562724014,0.0,0.021505376344086023,0.0,0.0047789725209080045
devenv.exe,0.008620689655172414,0.02586206896551724,0.0,0.008620689655172414,0.0,0.0,0.0,0.0,0,0.008620689655172414,0.0,0.017241379310344827,0.0,0.0,0.017241379310344827,0.0,0.0603448275862069,0.017241379310344827,0.21551724137931033,0.5431034482758621,0.07758620689655173,0.0,0.0,0.0,0.0,0.0,0.0
explorer.exe,0.02564102564102564,0.035256410256410256,0.0,0.14423076923076922,0.0,0.009615384615384616,0.0,0.0,0,0.00641025641025641,0.07371794871794872,0.00641025641025641,0.0,0.003205128205128205,0.003205128205128205,0.0,0.016025641025641024,0.00641025641025641,0.5865384615384616,0.035256410256410256,0.0,0.003205128205128205,0.019230769230769232,0.0,0.01282051282051282,0.0,0.009615384615384616
mintty.exe,0.0,0.0,0.0,0.0,0.0,0.0,0.0,0.0,0,0.0,0.0,0.0,0.0,0.0,0.0,0.0,0.1111111111111111,0.0,0.2222222222222222,0.0,0.0,0.0,0.0,0.0,0.6666666666666666,0.0,0.0
msedge.exe,0.0,0.0,0.0,0.0,0.0,0.0,0.0,0.0,0,0.0,0.0,0.043478260869565216,0.0,0.0,0.043478260869565216,0.0,0.17391304347826086,0.0,0.5652173913043478,0.0,0.17391304347826086,0.0,0.0,0.0,0.0,0.0,0.0
mshta.exe,0.0,0.0,0.0,0.0,0.0,0.0,0.0,0.0,0,0.0,0.0,0.0,0.0,0.0,0.0,0.0,0.0,0.0,1.0,0.0,0.0,0.0,0.0,0.0,0.0,0.0,0.0
rstudio.exe,0.0,0.07142857142857142,0.0,0.0,0.0,0.0,0.0,0.0,0,0.07142857142857142,0.0,0.0,0.0,0.0,0.0,0.0,0.03571428571428571,0.0,0.5714285714285714,0.0,0.17857142857142858,0.07142857142857142,0.0,0.0,0.0,0.0,0.0
rundll32.exe,0.0,1.0,0.0,0.0,0.0,0.0,0.0,0.0,0,0.0,0.0,0.0,0.0,0.0,0.0,0.0,0.0,0.0,0.0,0.0,0.0,0.0,0.0,0.0,0.0,0.0,0.0
s0,0.030303030303030304,0.0,0.0,0.0,0.0,0.0,0.0,0.0,0,0.0,0.0,0.0,0.0,0.0,0.0,0.0,0.48484848484848486,0.0,0.24242424242424243,0.030303030303030304,0.18181818181818182,0.0,0.030303030303030304,0.0,0.0,0.0,0.0
